     0.40112610E-13
     0.11074437E+00
     0.23148874E+00
     0.36311827E+00
     0.50659033E+00
     0.66293814E+00
     0.83327271E+00
     0.10187830E+01
     0.12207332E+01
     0.14404555E+01
     0.16793357E+01
     0.19387903E+01
     0.22202305E+01
     0.25250084E+01
     0.28543398E+01
     0.32092029E+01
     0.35902040E+01
     0.39974111E+01
     0.44301753E+01
     0.48869287E+01
     0.53650354E+01
     0.58607324E+01
     0.63690765E+01
     0.68843330E+01
     0.74001454E+01
     0.79101852E+01
     0.84086433E+01
     0.88906535E+01
     0.93525851E+01
     0.97923697E+01
     0.10208774E+02
     0.10602432E+02
     0.10973678E+02
     0.11324691E+02
     0.11656863E+02
     0.11972007E+02
     0.12272971E+02
     0.12560424E+02
     0.12836724E+02
     0.13104123E+02
     0.13362702E+02
     0.13613751E+02
     0.13859703E+02
     0.14100892E+02
     0.14337508E+02
     0.14570818E+02
     0.14803318E+02
     0.15035771E+02
     0.15266799E+02
     0.15494966E+02
     0.15718897E+02
     0.15937352E+02
     0.16149291E+02
     0.16353717E+02
     0.16549383E+02
     0.16735191E+02
     0.16910311E+02
     0.17074229E+02
     0.17226790E+02
     0.17368227E+02
     0.17499175E+02
     0.17620663E+02
     0.17734090E+02
     0.17841180E+02
     0.17943918E+02
     0.18044472E+02
